                            15-minute Wing Kp Geomagnetic Activity Index
 
                                           1-hour
 UT Date   Time         -Predicted Time-  Predicted  Lead-time  USAF Est.
  YR MO DA  HHMM   S     YR MO DA  HHMMSS    Index    in Minutes     Kp 
-------------------------------------------------------------------------
2016  8  3 1615    8  3 1715      4    2016.000       8.000       0.000
2016  8  3 1630    8  3 1730      4    2016.000       8.000       0.000
2016  8  3 1645    8  3 1745      4    2016.000       8.000       0.000
2016  8  3 1700    8  3 1800      4    2016.000       8.000       0.000
2016  8  3 1715    8  3 1815      4    2016.000       8.000       0.000
2016  8  3 1730    8  3 1830      4    2016.000       8.000       0.000
2016  8  3 1745    8  3 1845      3    2016.000       8.000       0.000
2016  8  3 1800    8  3 1900      4    2016.000       8.000       0.000
2016  8  3 1815    8  3 1915      4    2016.000       8.000       0.000
2016  8  3 1830    8  3 1930      4    2016.000       8.000       0.000
2016  8  3 1845    8  3 1945      3    2016.000       8.000       0.000
2016  8  3 1900    8  3 2000      3    2016.000       8.000       0.000
 
 
 
 
  MINIMUM LEAD TIME:        1000.00  
    WING KP MAXIMUM:           0.00  
       USAF MAXIMUM:           0.00  
