                            15-minute Wing Kp Geomagnetic Activity Index
 
                                           1-hour
 UT Date   Time         -Predicted Time-  Predicted  Lead-time  USAF Est.
  YR MO DA  HHMM   S     YR MO DA  HHMMSS    Index    in Minutes     Kp 
-------------------------------------------------------------------------
2016  1 19 1145    1 19 1245      2    2016.000       1.000       0.000
2016  1 19 1200    1 19 1300      2    2016.000       1.000       0.000
2016  1 19 1215    1 19 1314      2    2016.000       1.000       0.000
2016  1 19 1230    1 19 1330      2    2016.000       1.000       0.000
2016  1 19 1245    1 19 1345      2    2016.000       1.000       0.000
2016  1 19 1300    1 19 1359      2    2016.000       1.000       0.000
2016  1 19 1315    1 19 1415      2    2016.000       1.000       0.000
2016  1 19 1330    1 19 1430      2    2016.000       1.000       0.000
2016  1 19 1345    1 19 1444      1    2016.000       1.000       0.000
2016  1 19 1400    1 19 1500      1    2016.000       1.000       0.000
2016  1 19 1415    1 19 1515      1    2016.000       1.000       0.000
2016  1 19 1430    1 19 1529      1    2016.000       1.000       0.000
 
 
 
 
  MINIMUM LEAD TIME:        1000.00  
    WING KP MAXIMUM:           0.00  
       USAF MAXIMUM:           0.00  
